,"['Bacterial_spot', 'Healthy']",imagenet,cifar100,"['chairs', 'hot dog', 'ice cream', 'ladders', 'tables']",poolrf2001/facemask,"['idli', 'kachori', 'pani puri', 'samosa', 'vada pav']",eurosat,"['Public Drinking', 'Public Smoking', 'non-violation']","['bee', 'hoverfly', 'wasp']","['Beach', 'City', 'Forest']","['bathroom', 'bedroom', 'dining room', 'kitchen', 'living room']","['corgi', 'samoyed', 'shiba inu']","['clover', 'dichondra', 'grass']",Matthijs/snacks,"['blue whale', 'dolphin', 'orca whale']","['cotton candy', 'hamburger', 'hot dog', 'nachos', 'popcorn']","['buldog', 'golden', 'pug']","['karanfil', 'leylak', 'menekse', 'nergis', 'zambak']",stanfordcars,"['London', 'New York', 'Tokyo']","['Husky siberiano', 'cocker spaniel', 'galgo', 'labrador', 'pastor aleman']",cifar10,"['cucumber', 'green beans', 'okra', 'pickle', 'zucinni']",cats_vs_dogs,"['Big Check shirt', 'Formal Shirt', 'casual shirt', 'denim shirt']","['best kitchen island', 'kitchen cabinet', 'kitchen countertop']","['Bulldog', 'German Shepherd Dog', 'Golden Retriever Dog', 'Shiba Inu Dog']","['Cooling tower', 'Transmission grid', 'Wind turbines']","['dark skin', 'light skin']","['damaged road', 'good road']",chest_xray_classification,food101,imagenet-21k,"['beer', 'wine']","['beer', 'whisky', 'wine']","['alpaca', 'guanaco', 'llama', 'vicuna']","['classical revival architecture', 'craftsman bungalow architecture', 'mid-century modern ranch', 'queen anne architecture', 'tudor cottage architecture']","['bunny', 'moon', 'sun', 'tiger']","['apple', 'banana', 'grape', 'kiwi', 'lemon']","['apple', 'banana', 'mango', 'orange', 'tomato']","['dosa', 'idli', 'naan', 'samosa', 'vada']",keremberke/pokemon-classification,"['computer mouse', 'desktop', 'keyboard', 'laptop', 'monitor']","['golden retriever', 'great dane', 'husky']","['upside_down', 'original']","['italy soccer fan', 'spain soccer fan']","['aragorn', 'frodo', 'gandalf', 'gollum', 'legolas']","['drone', 'fighter', 'uav']",beans,"['chocolate ice cream', 'vanilla ice cream']","['hot dog', 'not hot dog']","['dingo', 'koala', 'kookaburra', 'possum', 'tasmanian devil']","['dog drinking water', 'dog eating food', 'dog playing toy', 'dog sleeping']","['african pygmy goat', 'nigerian dwarf goat']","['arc de triomphe', 'big ben', 'la sagrada familia', 'leaning tower of pisa', 'taj mahal']","['cake', 'cookie', 'pie']","['denver', 'new york city', 'paris']","['bernese mountain dog', 'husky', 'saint bernard']","['bagel', 'donut']","['cheetah', 'elephant', 'giraffe', 'rhino']","['corgi', 'husky', 'shibu inu']","['pasta', 'pizza', 'ravioli']","['automobiles', 'planes', 'trains']","['corgi', 'husky', 'samoyed', 'shiba inu']",dmlab,svhn_cropped,oxford_flowers102,patch_camelyon,resisc45,dtd,caltech101,sun397,smallnorb,oxford_iiit_pet,diabetic_retinopathy_detection,kitti,clevr
"['Bacterial_spot', 'Healthy']",0.0,1.0084537658840418,0.9895557211712003,1.0133772604167461,1.0133844958618283,1.0119566228240728,1.049492172896862,1.0556921511888504,1.0070366985164583,0.9966430838685483,1.0419224612414837,1.0601040050387383,1.0452488660812378,1.0263000223785639,0.9964001302141696,0.9978238921612501,0.9912835927680135,0.9857066869735718,1.0339337661862373,1.0069517623633146,1.0553064979612827,1.0122950496152043,1.0015082156751305,0.9792874734848738,0.9857695158571005,0.953780360519886,1.0626839473843575,0.957013588398695,1.0043811006471515,0.9924750202335417,1.044960379600525,1.0350645557045937,1.0084537658840418,0.9944628113880754,0.9830377846956253,1.0106024974957108,1.047293670475483,1.0372480526566505,0.9630421996116638,0.9976966013200581,0.9982807619962841,0.9734182469546795,0.9897981313988566,0.9402627497911453,1.0237867198884487,0.9953519157133996,0.9685036279261112,1.0253413785248995,1.0121886217966676,0.9876334937289357,1.0162782780826092,1.0002329272974748,1.0016993539175019,0.9768320266157389,0.9303309172391891,1.0091171180829406,0.9721351396292448,0.962290458381176,0.9458555355668068,0.9211679548025131,1.012175583280623,0.9814825672656298,0.9837451055645943,0.9717008881270885,1.0157790668308735,0.9491986967623234,1.0377066396176815,0.9231183603405952,0.98042999394238,0.995221508666873,1.0368959829211235,1.030685130506754,0.9833670631051064,1.0182418432086706,1.0866541415452957,0.9137423038482666,0.9272634238004684
imagenet,1.0084537658840418,0.0,1.0823937579989433,1.034543588757515,1.0681471526622772,1.0379130654036999,1.0097483098506927,0.9891430847346783,1.0262880604714155,0.974848311394453,1.0256746243685484,0.9635197967290878,1.038491353392601,1.0275882612913847,0.9702189657837152,1.0001215226875502,0.9416217319667339,0.9560863375663757,1.0195832159370184,0.9509270526468754,1.027576768770814,1.0224616397172213,0.903480589389801,1.0069965687580407,1.0045630023814738,1.0667824000120163,0.9754298720508814,1.01826367713511,0.9876868510618806,0.9954967410303652,0.9846146432682872,0.9883206160739064,0.0,0.9503013081848621,0.9943797630257905,1.0319937281310558,1.0403943620622158,0.9417057186365128,1.0066207442432642,1.0166990607976913,0.9559158869087696,1.0242807883769274,0.9916360666975379,1.0511669144034386,0.9971672368701547,0.9594533443450928,1.0334385894238949,1.0660486593842506,0.9334082007408142,1.0258830431848764,0.9271285757422447,0.9766502231359482,0.9480670019984245,0.9610718004405499,1.0124721992760897,0.9793601669371128,0.9863203074783087,0.9373405873775482,1.0307500530034304,1.0568521693348885,1.008649435825646,0.9566778689622879,1.0489844381809235,1.0321540050208569,0.9548633471131325,0.9584336653351784,1.0308867152780294,1.0441528894007206,1.0118903312832117,1.0307004135102034,0.9721110109239817,0.9827539324760437,1.010405583307147,0.9572085700929165,1.0276495572179556,0.9674637392163277,1.0316869914531708
cifar100,0.9895557211712003,1.0823937579989433,0.0,1.0092987846583128,0.9432624727487564,1.0965442061424255,0.9346685856580734,0.9678234271705151,0.962368480861187,0.97961450740695,0.9733523279428482,1.0041606985032558,0.9874636856839061,0.9846618147566915,1.0730502754449844,0.9955988000147045,1.0407876260578632,0.9697686787694693,0.9979777645785362,1.0034334401134402,0.9773122183978558,0.9687100425362587,1.0593768320977688,0.9264909401535988,0.987114068120718,0.9582367688417435,1.0460324101150036,1.0006144014187157,1.0405509658157825,1.0203963685780764,0.9899575496092439,0.9831764735281467,1.0823937579989433,0.9831667821854353,0.9969671771395952,1.0162354186177254,1.0295783150941133,1.0153035456314683,1.03852129727602,1.0196297354996204,1.0425847433507442,0.9808809719979763,1.0213660784065723,0.9824958108365536,0.9716941900551319,1.026566257700324,1.0294937510043383,1.0143718421459198,1.0674552619457245,0.9910341911017895,0.9577593356370926,1.0184460990130901,1.0353207178413868,1.0031357069965452,0.9876854717731476,0.9955004067160189,0.9876456093043089,1.0017602666048333,1.0076220300979912,1.0353367738425732,0.9526524990797043,0.9570259191095829,0.9701325166970491,0.9499387517571449,1.010542276315391,0.9859467037022114,1.0176856815814972,0.9755933601409197,1.005688976496458,0.9858658732846379,1.0244454070925713,0.9977881021331996,0.9708437472581863,1.0605040229856968,0.9696160312741995,0.9709456954151392,0.9855346586555243
"['chairs', 'hot dog', 'ice cream', 'ladders', 'tables']",1.0133772604167461,1.034543588757515,1.0092987846583128,0.0,0.9676074087619781,0.9645031280815601,1.0574177652597427,1.002465344266966,0.9999592372951156,1.0166534557938576,0.9801380522549152,1.0546425618231297,1.0098963687196374,1.0071492828428745,1.0053921206854284,0.9713216070085764,0.9862630041316152,1.0002115461684298,1.0147968120872974,1.0141435274854302,0.9397420845925808,0.9176764413714409,0.9724514279514551,1.0356976054608822,1.0685208886861801,1.0386009588837624,0.9629926234483719,1.0445050187408924,0.9620426334440708,0.933444619178772,1.0017404906684533,0.9559316672384739,1.034543588757515,1.0132705373689532,0.983178460970521,1.0034876957070082,0.9889843137934804,0.9145368039608002,1.0283785723149776,0.943832527846098,0.9858575789257884,1.0322832390666008,0.9681045711040497,0.9922311599366367,0.9881372218951583,1.0287677701562643,0.9849806595593691,0.9728103335946798,1.0677016004920006,1.010768056847155,0.9755840487778187,1.011939705349505,0.8893918395042419,0.9907934758812189,0.9775305166840553,1.0411801226437092,0.9839631505310535,1.0473964214324951,1.0163065940141678,1.0087863141670823,0.9228621572256088,1.043503973633051,0.9495655484497547,0.968721229583025,0.974675714969635,1.0295830890536308,0.9725292678922415,1.0173356886953115,0.9748363699764013,0.9741874728351831,0.9479705654084682,0.9372791424393654,1.0303121730685234,0.9648190699517727,0.9798524584621191,0.974319351837039,0.9944759802892804
poolrf2001/facemask,1.0133844958618283,1.0681471526622772,0.9432624727487564,0.9676074087619781,0.0,0.9457953982055187,1.037915512919426,0.9518565721809864,1.0497994534671307,1.039474006742239,1.0181363094598055,0.9826066140085459,0.9075213149189949,0.9135378301143646,1.0124877886846662,1.0346774756908417,0.9947594595141709,0.9386665672063828,1.0223836340010166,0.9760570824146271,1.017378518357873,1.0948623418807983,1.002063472988084,1.0132424514740705,0.9856071723625064,0.9911213144659996,1.0417511947453022,1.0243680719286203,1.0495959296822548,1.0709132477641106,0.9791567139327526,0.9867117470130324,1.0681471526622772,0.9633695371448994,1.0397820062935352,1.007252223789692,0.9542801715433598,0.9618659503757954,1.018451089039445,1.031595729291439,0.9349777549505234,1.022115908563137,0.9426811225712299,1.011824769899249,1.011808236129582,1.008651333861053,1.0040659508667886,0.9623108170926571,1.0093588046729565,1.0039328900165856,0.9787629470229149,0.9705687873065472,1.0439893640577793,1.0475798286497593,1.0125574190169573,1.0072452202439308,0.9869851311668754,1.0114722587168217,1.0008477871888317,0.9545244127511978,1.0215044226497412,1.032906487584114,1.0152571741491556,0.9590801820158958,1.0126173049211502,1.0278205648064613,1.0341407842934132,0.9883599216118455,1.0012360096443444,0.9813532382249832,1.035999596118927,1.032517571002245,1.0090983398258686,0.9377552904188633,1.0208377502858639,1.0246408432722092,0.9761965572834015
"['idli', 'kachori', 'pani puri', 'samosa', 'vada pav']",1.0119566228240728,1.0379130654036999,1.0965442061424255,0.9645031280815601,0.9457953982055187,0.0,1.0349779650568962,0.9740481059998274,0.9332172870635986,0.9665910415351391,1.034049615263939,1.0130308270454407,0.9175410568714142,1.003526556538418,1.0377530716359615,1.0052797058597207,0.9910115851089358,1.0397904254496098,1.0118473516777158,1.0434688553214073,1.0100363502278924,0.9389010518789291,0.9411151446402073,1.035160943865776,1.002217146102339,1.0134105999022722,1.0239792969077826,1.0442594848573208,0.9959007860161364,1.000293851859169,1.0717539489269257,0.9980310981627554,1.0379130654036999,0.956133745610714,1.034979097545147,1.0290812626481056,0.9825142398476601,0.9654025956988335,0.9875109242275357,0.9626570045948029,0.9775924030691385,1.0372514463961124,0.9887858275324106,0.976322690024972,0.9919636500999331,1.0065430286340415,0.9736523851752281,1.010875760577619,0.9911485128104687,0.9835958387702703,0.9726891126483679,0.9896694095805287,0.9948577801696956,1.03460281342268,1.0030757710337639,0.9810500089079142,0.9685172662138939,1.0528893247246742,0.9779325518757105,0.9564792439341545,0.9810879211872816,0.976856704801321,0.9925134754739702,0.99475461198017,1.0127099715173244,1.0267790909856558,0.9599317908287048,1.001966864336282,1.0403941422700882,1.0396984405815601,0.9820808824151754,0.9783911239355803,1.0193588975816965,0.9837434981018305,1.0267625711858273,0.9905915418639779,0.9842920359224081
eurosat,1.049492172896862,1.0097483098506927,0.9346685856580734,1.0574177652597427,1.037915512919426,1.0349779650568962,0.0,1.02189339697361,1.0231723431497812,0.9739624597132206,1.0423587039113045,1.0089876893907785,0.9442542418837547,1.0063213920220733,1.0076977210119367,1.0715004280209541,1.0413769595324993,0.9780365135520697,0.997846718179062,0.9688756056129932,0.9821967780590057,1.0015542934415862,0.9679178297519684,0.9920608596876264,0.9431912191212177,0.9559473246335983,0.9961412269622087,0.9849735163152218,1.0042209611274302,1.0401240214705467,0.9863471882417798,0.9672005698084831,1.0097483098506927,0.9929765462875366,0.9714371226727962,0.9917459515854716,0.9939854512922466,1.0330621041357517,0.9781943429261446,1.0143462987616658,1.0389257110655308,0.9766285382211208,1.0758351385593414,0.9571874849498272,0.997204020852223,1.0360723808407784,0.9818556755781174,1.0123207187280059,0.9379869177937508,1.0659575015306473,0.9956350945867598,1.0288533195853233,0.9757642541080713,1.0260813236236572,1.013563759624958,0.9863843228667974,0.9812031555920839,1.009991105645895,0.9927085218951106,1.0435901172459126,0.9324534982442856,1.1110297664999962,1.01078577991575,1.0049101123586297,1.025934712961316,1.0455812104046345,1.0387613028287888,1.0344306454062462,1.0233077574521303,1.029073715209961,1.028434630483389,1.0409483499825,1.0177785102277994,0.9814620483666658,1.0192970596253872,0.9421370811760426,1.0049495468847454
"['Public Drinking', 'Public Smoking', 'non-violation']",1.0556921511888504,0.9891430847346783,0.9678234271705151,1.002465344266966,0.9518565721809864,0.9740481059998274,1.02189339697361,0.0,1.0137064941227436,0.9843833893537521,0.9783511459827423,0.98111617192626,0.9351812899112701,1.006353675853461,0.9498267844319344,1.0172104071825743,1.0136119425296783,1.046508926898241,0.9958779592998326,1.0663954839110374,0.9992588280001655,0.9602644741535187,0.931995116174221,0.976297702640295,1.0183561258018017,0.9337430894374847,1.035100806504488,1.0360240191221237,1.0019760599825531,1.023819537833333,1.047154314815998,0.920393705368042,0.9891430847346783,1.0620727613568306,0.9469957239925861,1.0707366541028023,1.0341368056833744,0.9873820375651121,1.0711190328001976,0.978613555431366,1.0049366704188287,1.019765017554164,0.9466487020254135,0.9957197918556631,1.005607898812741,1.0577618218958378,1.007299017161131,0.965414997190237,0.9822763632982969,0.9913667039945722,0.9447079971432686,1.0179401151835918,1.0809785723686218,0.9409406781196594,1.0218441653996706,1.0017102115089074,1.048851490020752,1.001198144746013,0.9876808961853385,0.9598230049014091,0.9838404599577188,0.9667909704148769,1.0709979683160782,0.9215049371123314,0.9878766722977161,0.9754104092717171,1.0085564712062478,1.0668309852480888,1.0541644729673862,1.0057957111857831,0.9542667008936405,1.015546714887023,1.002402224810794,1.024437803775072,0.9703621212393045,1.0049994182772934,1.0369512848556042
"['bee', 'hoverfly', 'wasp']",1.0070366985164583,1.0262880604714155,0.962368480861187,0.9999592372951156,1.0497994534671307,0.9332172870635986,1.0231723431497812,1.0137064941227436,0.0,1.0315582230687141,0.969856645911932,1.0531128942966461,0.988885366357863,1.0439441055059433,0.9818229526281357,1.022418662905693,0.9485242888331413,1.0261178351938725,1.002950536319986,1.0403724014759064,0.984383387491107,1.1039110496640205,1.010150946676731,1.0175252389162779,0.9665867760777473,0.9906386760994792,1.0115078706294298,1.0297209434211254,0.9602305665612221,0.9681687392294407,1.0169321279972792,1.0305240247398615,1.0262880604714155,0.9999224684361252,0.9853001935407519,0.9584456607699394,1.0796700343489647,0.9813180342316628,0.9885268965736032,1.0065214051865041,1.0193544123321772,1.0114663308486342,1.0366028510034084,0.9897693153470755,1.0532385036349297,0.9935831800103188,0.9630643054842949,1.077649287879467,1.0003727127041202,1.0213800854980946,0.9868945544585586,0.9786593653261662,0.994500879663974,1.023165326565504,1.0295869838446379,0.9459478482604027,0.9699021335691214,1.0863774344325066,1.0384075306355953,0.9943757350556552,1.0030174879357219,0.962880089879036,0.9515172950923443,1.0219947528094053,0.936194583773613,0.9772032201290131,0.9641780108213425,1.0328983701765537,0.9376058913767338,1.0492532514035702,0.9509491063654423,1.0412153974175453,1.0502775758504868,1.0486394204199314,0.9831564929336309,0.9543757475912571,1.0374626964330673
"['Beach', 'City', 'Forest']",0.9966430838685483,0.974848311394453,0.97961450740695,1.0166534557938576,1.039474006742239,0.9665910415351391,0.9739624597132206,0.9843833893537521,1.0315582230687141,0.0,0.9978871331550181,1.0348320975899696,0.9876126805320382,0.9526634179055691,1.0736572742462158,1.0495270490646362,1.0105984769761562,1.0038070126902312,0.9639159962534904,0.9884319053962827,1.0246725864708424,0.9497003816068172,1.0232871156185865,1.0921055749058723,0.9699600469321012,1.0288162250071764,0.9999875762332522,1.0164349507540464,1.056099135428667,1.0214967392385006,0.9576533995568752,1.0528766363859177,0.974848311394453,0.9968228708021343,1.0376980416476727,0.9970319750718772,1.0441756509244442,1.089371144771576,1.0257552042603493,0.9952783086337149,0.9400328733026981,0.9954145257361233,1.0098279099911451,1.033263172954321,0.9780514147132635,0.9389084912836552,0.9826851449906826,1.0204263105988503,0.9897211333736777,1.030269131064415,1.0128958877176046,1.064403422176838,1.0524466261267662,0.9933160743676126,0.9237305745482445,0.9740867074579,0.9747252017259598,0.976151529699564,0.9461951814591885,1.0225492864847183,1.0503491908311844,0.9867351856082678,0.9918840238824487,1.072216272354126,0.9780201409012079,1.0081441020593047,0.954673808068037,0.9468779340386391,1.056962002068758,0.96966153383255,0.952755507081747,0.9919248092919588,1.0352613627910614,1.0071093742735684,1.0503349862992764,0.9487152770161629,0.9610596112906933
"['bathroom', 'bedroom', 'dining room', 'kitchen', 'living room']",1.0419224612414837,1.0256746243685484,0.9733523279428482,0.9801380522549152,1.0181363094598055,1.034049615263939,1.0423587039113045,0.9783511459827423,0.969856645911932,0.9978871331550181,0.0,0.9473808258771896,1.0332785211503506,1.0499594993889332,1.054286140948534,1.0249926783144474,1.0173723921179771,0.997482153121382,0.9645976461470127,0.9959629867225885,1.048510406166315,0.9906845558434725,0.9899682616814971,0.9563527628779411,1.022652506828308,1.0300597865134478,1.0097195515409112,0.9993574841646478,0.997008498525247,0.9574475139379501,0.9976149797439575,1.0661012828350067,1.0256746243685484,1.0071237380616367,1.0047253514640033,0.9609962552785873,1.0075328387320042,0.962339673191309,1.002011053962633,1.0029990260954946,1.0971952229738235,0.9655095972120762,0.9770480021834373,0.9849780751392245,0.9871364152058959,1.0769295766949654,1.040336612612009,1.0278524179011583,1.041285429149866,0.9744249228388071,1.023291265591979,1.0667322054505348,0.9959223512560129,1.0276187807321548,1.0324480645358562,1.0843220055103302,0.9509354941546917,1.0283819548785686,1.026860561221838,1.080295979976654,0.9780916571617126,1.0077335694804788,1.0242221541702747,0.9590003527700901,1.0045441333204508,0.994630990549922,1.024686286225915,1.0085407309234142,1.0589619502425194,0.984782887622714,0.9475401416420937,1.040319997817278,0.9352315738797188,1.0246890597045422,0.9968419643118978,1.0449540056288242,1.0055299438536167
"['corgi', 'samoyed', 'shiba inu']",1.0601040050387383,0.9635197967290878,1.0041606985032558,1.0546425618231297,0.9826066140085459,1.0130308270454407,1.0089876893907785,0.98111617192626,1.0531128942966461,1.0348320975899696,0.9473808258771896,0.0,1.0218484941869974,1.0423014722764492,0.953765019774437,0.9061468839645386,1.0878524109721184,0.9693382885307074,1.0007592992624268,1.0051075364463031,1.0613983720541,0.9851189497858286,0.9706092067062855,0.9546209089457989,1.0066984724253416,1.065162479877472,1.032109446823597,1.0344726704061031,0.9690104424953461,1.0519998483359814,0.9721943214535713,1.0150253800675273,0.9635197967290878,0.9692342877388,0.929709866642952,0.9540436044335365,0.9603148624300957,1.009359602816403,0.9987306772964075,0.9868101617321372,1.0236484333872795,0.9516956955194473,1.0622755773365498,0.9676860831677914,0.9797564521431923,0.9492447450757027,0.9844315396621823,1.0565957799553871,0.9462743550539017,1.063485398888588,0.9332868307828903,1.0030044931918383,0.9562600031495094,1.0244199018925428,1.0000817261534394,0.9909075256437063,1.0826629251241684,0.9599500261247158,0.9624141529202461,1.0871231257915497,0.9411125369369984,1.0129100801423192,0.9580008834600449,0.9374130219221115,0.9879393996670842,0.9448935203254223,1.0319249667227268,1.0506411381065845,1.0454117618501186,1.0052180485799909,1.0173974968492985,1.0198867060244083,1.0428774431347847,0.988330464810133,0.9749930109828711,0.9909040126949549,1.0552085898816586
"['clover', 'dichondra', 'grass']",1.0452488660812378,1.038491353392601,0.9874636856839061,1.0098963687196374,0.9075213149189949,0.9175410568714142,0.9442542418837547,0.9351812899112701,0.988885366357863,0.9876126805320382,1.0332785211503506,1.0218484941869974,0.0,1.0709713995456696,1.0073799723759294,0.9873905014246702,0.9751984570175409,0.9917820114642382,1.0274751745164394,1.1081519573926926,0.9681915305554867,1.0098334169015288,0.9890983235090971,1.0214977022260427,1.0119693651795387,1.0493190102279186,1.0512517467141151,0.934433676302433,0.9864953011274338,1.040939625352621,0.9512534774839878,0.9849055726081133,1.038491353392601,1.0092169074341655,0.962803278118372,0.9528694823384285,0.9919218411669135,0.9671194963157177,0.9685232080519199,1.000116701303341,1.0205344781279564,1.0308310631662607,1.0130333546549082,0.9718378856778145,0.9515371471643448,0.9462349228560925,1.0314309559762478,0.9830669481307268,1.0204592254012823,0.9475994631648064,0.9792583901435137,1.0265615545213223,1.0548755712807178,1.0664838925004005,1.0100528309121728,0.9953296324238181,1.040436927229166,0.9717960357666016,1.0089546395465732,0.9560577720403671,1.0074968892149627,1.0565612763166428,0.9884394593536854,0.9700497426092625,1.0635141506791115,1.0227834545075893,1.0591927357017994,1.047472819685936,1.025064181536436,0.974061856046319,1.0267482623457909,1.0687458738684654,1.0006615796592087,1.0197791531682014,0.9775829985737801,1.00766009837389,1.072445847094059
Matthijs/snacks,1.0263000223785639,1.0275882612913847,0.9846618147566915,1.0071492828428745,0.9135378301143646,1.003526556538418,1.0063213920220733,1.006353675853461,1.0439441055059433,0.9526634179055691,1.0499594993889332,1.0423014722764492,1.0709713995456696,0.0,1.028828114271164,0.9703723974525928,0.9882490644231439,0.9531405791640282,0.9901566514745355,1.0141822462901473,1.0245703179389238,1.0108547452837229,1.0442050360143185,1.0022242029663175,0.9878100240603089,1.0394633449614048,1.0840468034148216,0.9819373302161694,0.9907988691702485,1.0341010242700577,0.9474427439272404,1.019323067739606,1.0275882612913847,0.981939684599638,1.0266592372208834,0.9722718298435211,0.9816394355148077,1.0871242210268974,0.978140426799655,0.9376685805618763,0.9782115165144205,0.9716341476887465,1.024681705981493,0.9826731085777283,0.9645143523812294,0.9582452699542046,0.958891186863184,1.0053190370090306,0.9679557420313358,0.9492671713232994,0.9480618163943291,1.053675338625908,0.9767114501446486,1.027090011164546,1.047240573912859,0.9992898303898983,1.0343105345964432,0.9856369057670236,1.0023931174073368,1.0172459315508604,0.9870167253538966,1.058535099029541,0.9798540510237217,0.9853494130074978,0.9295489862561226,0.9715660586953163,0.9722870662808418,0.9671934247016907,1.0331097543239594,0.984562449157238,1.0119664445519447,0.9761843793094158,0.9798513166606426,0.9930138774216175,0.9950875765644014,1.0362174697220325,1.0183844603598118
"['blue whale', 'dolphin', 'orca whale']",0.9964001302141696,0.9702189657837152,1.0730502754449844,1.0053921206854284,1.0124877886846662,1.0377530716359615,1.0076977210119367,0.9498267844319344,0.9818229526281357,1.0736572742462158,1.054286140948534,0.953765019774437,1.0073799723759294,1.028828114271164,0.0,0.94793701171875,0.9725060295313597,0.9500290043652058,0.9786135032773018,1.0466100685298443,1.0229088515043259,1.0066695739515126,0.9181223213672638,1.001176057732664,0.9846439296379685,0.9912139419466257,0.9940586020238698,1.0716153755784035,1.0282448288053274,1.0673634856939316,0.994886155705899,1.0575145855545998,0.9702189657837152,0.9831561725586653,0.9762224182486534,1.0439088717103004,1.01680938154459,1.0563635006546974,0.9291648417711258,1.0003172234864905,1.0355713330209255,1.0411480888724327,1.0023925269488245,0.9645538255572319,0.9432160779833794,0.9648980237543583,1.0280857849866152,1.0385849699378014,0.9510580003261566,1.0405464954674244,1.0160129461437464,0.9913215273991227,1.018305642530322,0.9919244144111872,0.9914144091308117,0.9159392714500427,1.0310187451541424,1.006164968945086,1.0551227405667305,1.0135879600420594,0.9687704481184483,1.0145972976461053,1.0187600795179605,1.035423144698143,0.9684797003865242,1.0074275457300246,1.0408706851303577,1.0016800557496026,0.9390109404921532,0.986129374243319,0.9534861408174038,0.9859221000224352,0.9315832778811455,1.0278058424592018,0.9336480796337128,0.9915489256381989,1.050431914627552
"['cotton candy', 'hamburger', 'hot dog', 'nachos', 'popcorn']",0.9978238921612501,1.0001215226875502,0.9955988000147045,0.9713216070085764,1.0346774756908417,1.0052797058597207,1.0715004280209541,1.0172104071825743,1.022418662905693,1.0495270490646362,1.0249926783144474,0.9061468839645386,0.9873905014246702,0.9703723974525928,0.94793701171875,0.0,0.9722795356065035,0.9455885030329227,0.9515294618904591,0.9712521359324455,1.0252121649682522,1.0185644086450338,1.0479602068662643,0.9942972674034536,1.0514684170484543,0.9280051589012146,1.0150974057614803,1.0349319614470005,1.0254190787672997,1.0077476659789681,1.0387262776494026,1.0295300409197807,1.0001215226875502,1.0069376612082124,0.9032270461320877,0.9090199992060661,0.9701111260801554,1.0149370664730668,0.9865839285776019,1.044304959475994,1.0002762182266451,0.983930604532361,1.048463612794876,0.9651428274810314,0.9373620599508286,0.9998557617072947,0.9595458656549454,0.992796374950558,0.9801202062517405,1.0270685758441687,0.9348409995436668,0.9573429189622402,1.0597936026751995,1.0437304936349392,1.0144131798297167,0.9805488549172878,1.035768624395132,1.0081278905272484,1.0877724438905716,1.036956887692213,0.9441949762403965,1.0036318593192846,1.0119524197652936,0.9678865745663643,0.9818549249321222,1.0059287254698575,0.9705629460513592,1.0038271804805845,0.9866610830649734,1.0482494495809078,0.9644739851355553,1.0114101320505142,1.0062446654774249,1.0075836251489818,0.9794014375656843,0.9881036998704076,0.9783394318073988
"['buldog', 'golden', 'pug']",0.9912835927680135,0.9416217319667339,1.0407876260578632,0.9862630041316152,0.9947594595141709,0.9910115851089358,1.0413769595324993,1.0136119425296783,0.9485242888331413,1.0105984769761562,1.0173723921179771,1.0878524109721184,0.9751984570175409,0.9882490644231439,0.9725060295313597,0.9722795356065035,0.0,1.0214865785092115,0.9910171180963516,1.0033283571247011,1.0266850460320711,0.9486020132899284,0.9834353532642126,0.957997664809227,1.0741762965917587,0.993606407660991,0.9786666315048933,1.0365124233067036,1.0049192081205547,1.0159770287573338,1.022090693935752,0.9869180591776967,0.9416217319667339,0.9865269456058741,0.9775992333889008,1.018780093640089,1.0642234161496162,0.9596419669687748,0.9601458758115768,1.043577428907156,1.0288374070078135,0.9800445530563593,1.036255169659853,1.0084145795553923,1.0133269410580397,1.0281806290149689,0.9447246976196766,0.9849675847217441,1.012309349142015,0.9080601036548615,0.9998361117759487,1.030570387840271,1.0274829510599375,0.968453411012888,0.9420570470392704,0.9996861627441831,0.9009699672460556,1.0122301829978824,0.9418678805232048,1.0207979902625084,0.9644995965063572,1.0417427979409695,1.0226205755025148,0.9851620765402913,0.9779310468584299,1.0094693787395954,0.9393165223300457,1.0380642786622047,0.9687631204724312,1.0607690773904324,0.9576960615813732,1.010251414962113,0.9887088323011994,0.9944590823724866,1.0076196761801839,1.0241304393857718,1.0320489034056664
"['karanfil', 'leylak', 'menekse', 'nergis', 'zambak']",0.9857066869735718,0.9560863375663757,0.9697686787694693,1.0002115461684298,0.9386665672063828,1.0397904254496098,0.9780365135520697,1.046508926898241,1.0261178351938725,1.0038070126902312,0.997482153121382,0.9693382885307074,0.9917820114642382,0.9531405791640282,0.9500290043652058,0.9455885030329227,1.0214865785092115,0.0,0.9881165558472276,1.0242623947560787,1.0554079450666904,0.9869415080174804,0.996186455944553,1.0229022018611431,0.951467327773571,1.0011713390704244,1.023539885878563,0.9994592166622169,1.0675053671002388,1.0260193664580584,0.9924311409704387,1.0135140772908926,0.9560863375663757,0.992768885102123,1.0299306195229292,1.0195564590394497,0.95757120475173,1.0198500603437424,0.997740670805797,1.0435655824840069,1.0158004071563482,0.9051583707332611,1.03097084723413,1.0640396028757095,0.9595032893121243,0.9562161155045033,1.0221995208412409,0.9367232173681259,0.9882653662934899,0.9900974668562412,0.9772345572710037,1.0128720328211784,1.0475571230053902,0.9557283632457256,1.0307187866419554,0.9849397148936987,0.9666501916944981,1.0057336688041687,1.0341795161366463,1.0117966951802373,1.0182309430092573,0.9609179198741913,0.9850165145471692,1.0055798618122935,1.000765837263316,1.0662054866552353,0.9919624608010054,0.8941562995314598,0.9374996051192284,1.031736508011818,0.9846269134432077,1.0031385868787766,0.9823523424565792,1.0759511813521385,1.0076048546470702,0.9580842740833759,1.0013541743392125
stanfordcars,1.0339337661862373,1.0195832159370184,0.9979777645785362,1.0147968120872974,1.0223836340010166,1.0118473516777158,0.997846718179062,0.9958779592998326,1.002950536319986,0.9639159962534904,0.9645976461470127,1.0007592992624268,1.0274751745164394,0.9901566514745355,0.9786135032773018,0.9515294618904591,0.9910171180963516,0.9881165558472276,0.0,0.89209845662117,1.018641047179699,0.9949467536062002,1.0455592349171638,0.9642834030091763,1.0129318172112107,1.0476369559764862,1.0358789823949337,1.0039223921485245,0.9633297324180603,1.087290808558464,0.9574074558913708,1.0801320374011993,1.0195832159370184,1.0128465723246336,0.9513392448425293,0.9630695357918739,0.9987232917919755,0.971815699711442,1.0352824740111828,0.9981045700842515,0.9776934962719679,0.9921161383390427,0.9597408100962639,0.985942822881043,0.9305053129792213,0.9958882364444435,0.9893449936062098,0.9568390101194382,1.0052426494657993,0.9902078146114945,1.0303924139589071,1.0477750226855278,1.007019984535873,0.9548139125108719,0.9744662512093782,1.0414796024560928,0.9805606305599213,1.0095886560156941,1.02314187400043,1.0052591497078538,0.9646800346672535,1.0156499110162258,1.039666946977377,0.9973583987448364,1.0186060648411512,1.0358865782618523,0.9909900994971395,1.0814598128199577,1.0162884891033173,0.880817249417305,0.9507883749902248,0.9939289870671928,0.9939066036604345,1.0409026257693768,0.972288191318512,0.9803942274302244,1.0208091139793396
"['London', 'New York', 'Tokyo']",1.0069517623633146,0.9509270526468754,1.0034334401134402,1.0141435274854302,0.9760570824146271,1.0434688553214073,0.9688756056129932,1.0663954839110374,1.0403724014759064,0.9884319053962827,0.9959629867225885,1.0051075364463031,1.1081519573926926,1.0141822462901473,1.0466100685298443,0.9712521359324455,1.0033283571247011,1.0242623947560787,0.89209845662117,0.0,0.9865497853606939,0.9309389218688011,1.007039926480502,0.9829614497721195,1.036273069679737,0.9771084822714329,0.9821256846189499,0.9843193255364895,0.9696262627840042,0.9797037169337273,0.9619017168879509,1.0059796418063343,0.9509270526468754,0.9969446752220392,1.0168258491903543,0.9952706415206194,0.9667361304163933,0.9701307583600283,1.0313508436083794,1.0240359511226416,0.9265741109848022,1.02953171543777,0.9859460145235062,1.047098122537136,0.9567608423531055,1.0785774439573288,0.9948234078474343,0.9909180086106062,1.0118011767044663,1.0143987340852618,0.9854858461767435,1.035330854356289,0.9544003456830978,1.0224835090339184,0.9923117002472281,0.9664133936166763,0.9796084184199572,0.9998051604343345,1.0605423636734486,0.9787281192839146,1.0040566395036876,0.9621774144470692,1.034669041633606,0.9789163563400507,0.9672437123954296,1.0259179305285215,0.9256877601146698,0.9475070312619209,0.9517565108835697,0.9970299636479467,0.960455633699894,0.9913767408579588,1.03644710034132,1.001459118211642,0.9807323962450027,1.003652366111055,0.9977779702749103
"['Husky siberiano', 'cocker spaniel', 'galgo', 'labrador', 'pastor aleman']",1.0553064979612827,1.027576768770814,0.9773122183978558,0.9397420845925808,1.017378518357873,1.0100363502278924,0.9821967780590057,0.9992588280001655,0.984383387491107,1.0246725864708424,1.048510406166315,1.0613983720541,0.9681915305554867,1.0245703179389238,1.0229088515043259,1.0252121649682522,1.0266850460320711,1.0554079450666904,1.018641047179699,0.9865497853606939,0.0,1.024551222100854,1.029164981096983,0.9896227419376373,0.9688643738627434,0.995001913048327,0.9725290481001139,0.9534396678209305,1.006662004161626,1.0201568845659494,0.9992176668019965,0.9655050672590733,1.027576768770814,1.053423646837473,0.9385603629052639,0.9364508017897606,0.9783476945012808,1.0012541180476546,1.0526372119784355,0.9573114588856697,1.0578838624060154,1.0115298498421907,0.9656437188386917,1.063030168414116,1.0114929135888815,1.0054266569204628,0.9443718679249287,1.033200979232788,1.0085228066891432,1.043415654450655,0.9967742445878685,1.0056157889775932,1.070441909134388,0.9419119097292423,1.0153291253373027,1.0242360848933458,1.0240730792284012,0.9306697025895119,1.0307563859969378,0.962737176567316,1.0207886695861816,0.9882601695135236,0.9612393863499165,0.9854489546269178,1.027606500312686,0.8961015716195107,1.0430894866585732,0.9935894790105522,0.9909210214391351,1.0246643163263798,0.9649028964340687,1.02302354760468,1.0042515522800386,1.0305332597345114,0.9764932282269001,1.0659120380878448,0.9714631289243698
cifar10,1.0122950496152043,1.0224616397172213,0.9687100425362587,0.9176764413714409,1.0948623418807983,0.9389010518789291,1.0015542934415862,0.9602644741535187,1.1039110496640205,0.9497003816068172,0.9906845558434725,0.9851189497858286,1.0098334169015288,1.0108547452837229,1.0066695739515126,1.0185644086450338,0.9486020132899284,0.9869415080174804,0.9949467536062002,0.9309389218688011,1.024551222100854,0.0,0.9873748896643519,1.0127156153321266,1.0390090756118298,0.9963060605805367,0.9618740901350975,1.0045584100298584,1.0216968096792698,0.989009796641767,0.9730241894721985,0.9796142112463713,1.0224616397172213,0.9899595463648438,1.0411439500749111,1.0396787226200104,0.934722550213337,1.0393611714243889,1.0349600203335285,1.00139947142452,0.9999394816295535,1.0397881641983986,0.9741904158145189,0.9709343872964382,0.9927803897298872,0.984149007126689,1.033141404390335,1.0258841142058372,1.089074969291687,1.0261444114148617,0.9605019614100456,0.9365699738264084,1.0169343035668135,1.016793742775917,1.0323907732963562,1.0627394914627075,1.0003735245554708,1.0129451071843505,1.0246942937374115,1.0713512673974037,0.9491084516048431,1.0246925298124552,1.0851148068904877,0.9555155038833618,0.9773969575762749,1.0181489009410143,0.9578064382076263,1.0390587151050568,0.9810188245028257,0.97099519520998,0.9871028894558549,1.023399978876114,0.9880513921380043,0.9933070074766874,0.9812134075909853,0.9722351990640163,0.9631837941706181
"['cucumber', 'green beans', 'okra', 'pickle', 'zucinni']",1.0015082156751305,0.903480589389801,1.0593768320977688,0.9724514279514551,1.002063472988084,0.9411151446402073,0.9679178297519684,0.931995116174221,1.010150946676731,1.0232871156185865,0.9899682616814971,0.9706092067062855,0.9890983235090971,1.0442050360143185,0.9181223213672638,1.0479602068662643,0.9834353532642126,0.996186455944553,1.0455592349171638,1.007039926480502,1.029164981096983,0.9873748896643519,0.0,0.9829744901508093,0.9694550335407257,0.9939265586435795,0.9577691294252872,1.0298449136316776,1.0085863415151834,0.9616957418620586,1.029819868505001,0.9707269612699747,0.903480589389801,0.9902636287733912,0.9939841208979487,0.9838889390230179,0.997006933670491,1.0347039736807346,0.934709943830967,1.0506520941853523,1.0375297591090202,0.9936050404794514,1.0226797834038734,1.0867400243878365,0.9707180391997099,1.0129265133291483,1.0130451740697026,0.9755942430347204,0.9900003019720316,0.9633442461490631,1.003144953167066,0.9925719192251563,0.9863244350999594,0.9448913708329201,1.043370831757784,0.9863347020000219,1.0272441878914833,0.9830756112933159,1.0075842994265258,1.0856551975011826,0.9974379928316921,1.0180004127323627,0.9913109289482236,1.0237936433404684,0.9604868590831757,1.044947039335966,0.9869845416396856,1.0694259479641914,1.0258497819304466,0.9912872044369578,0.9853136790916324,1.0527064092457294,1.0479460693895817,1.0020846482366323,0.9733675066381693,1.002379279350862,1.0334566570818424
cats_vs_dogs,0.9792874734848738,1.0069965687580407,0.9264909401535988,1.0356976054608822,1.0132424514740705,1.035160943865776,0.9920608596876264,0.976297702640295,1.0175252389162779,1.0921055749058723,0.9563527628779411,0.9546209089457989,1.0214977022260427,1.0022242029663175,1.001176057732664,0.9942972674034536,0.957997664809227,1.0229022018611431,0.9642834030091763,0.9829614497721195,0.9896227419376373,1.0127156153321266,0.9829744901508093,0.0,1.0189223363995552,0.9993305044481531,0.9914776002988219,1.0163968577980995,1.0241712760180235,0.9819014277309179,1.0099577233195305,0.9942336939275265,1.0069965687580407,1.0418006852269173,0.9911839989945292,1.03403315320611,0.9549152925610542,1.0147507125511765,0.9411658011376858,1.0562459602952003,1.0293701700866222,0.9233245998620987,1.0445952527225018,0.9515962265431881,1.0021029878407717,0.9951768415048718,1.0038187680765986,1.0021623792126775,0.988227398134768,0.9732918534427881,1.0309004168957472,0.9406224563717842,1.018610168248415,0.9688642024993896,1.0686475485563278,0.9801120348274708,0.9989171173656359,0.9781189747154713,1.0132901538163424,1.0066297804005444,0.9558075368404388,1.0311675742268562,0.9833441246300936,0.9899681508541107,1.0571841672062874,1.0064048171043396,1.0238771717995405,1.0093663735315204,1.0199189446866512,1.0522111095488071,0.9562268480658531,0.9883211981505156,0.9913966692984104,0.9456775262951851,0.9884947752580047,0.9554396718740463,1.0257816724479198
"['Big Check shirt', 'Formal Shirt', 'casual shirt', 'denim shirt']",0.9857695158571005,1.0045630023814738,0.987114068120718,1.0685208886861801,0.9856071723625064,1.002217146102339,0.9431912191212177,1.0183561258018017,0.9665867760777473,0.9699600469321012,1.022652506828308,1.0066984724253416,1.0119693651795387,0.9878100240603089,0.9846439296379685,1.0514684170484543,1.0741762965917587,0.951467327773571,1.0129318172112107,1.036273069679737,0.9688643738627434,1.0390090756118298,0.9694550335407257,1.0189223363995552,0.0,0.9653295129537582,1.0373683236539364,0.9948698617517948,0.9940260429866612,1.057948712259531,1.0262160990387201,0.9808664303272963,1.0045630023814738,0.9395701587200165,0.9954692535102367,1.069785214960575,0.9324876293540001,1.0191195663064718,1.012980523519218,0.9734054617583752,1.0096727004274726,0.9958303063176572,1.0645622611045837,0.9582676365971565,0.9885064866393805,1.0159704219549894,1.0218382105231285,0.9559198208153248,0.9796326328068972,1.016988741233945,0.9981526441406459,0.9540810100734234,1.000036364326661,1.032499574124813,0.984903197735548,0.9854995673522353,1.0792645886540413,0.9820039682090282,0.99815571855288,0.9957031379453838,1.059538260102272,0.9775523282587528,0.9626950994133949,1.009945647791028,1.0216113161295652,1.0155395595356822,1.0039118402637541,0.9920039838179946,1.0124473357573152,0.9545228444039822,0.9940986493602395,1.0626382380723953,1.0139514580368996,1.042281311005354,1.0322495326399803,0.9337418973445892,1.0155333084985614
